0.34746105847792286	0.09325107784657405	0.36635494527117474	0.4779525927788205	0.694260946027306	0.4792204051537615	0.9668011646267888	0.3477878040506588	0.364558700687752	0.02864236007460441	0.45362530940704826	0.9456790869396798	0.562696637243334	0.9124171614036128	0.3073612159310619	
0.8216481508967801	0.16385878042553237	0.9882169877834251	0.43170153289926083	0.8151167475317638	0.778816118763134	0.7560049412391847	0.4199080819516403	0.27532932247776143	0.9126990989178838	0.7056888087202523	0.1028039504364413	0.6649490209463862	0.35953956615091753	0.6678416617699553	
0.5198001192445457	0.33853311342015835	0.5292220380596082	0.7167071328723119	0.21109802624546947	0.5381586507014167	0.8523748300796212	0.08161814799238987	0.3542899223613407	0.83022164629871	0.8902630828672898	0.8497992108809358	0.9146265586934146	0.8310369374344689	0.9735287192021117	
0.9357066424655278	0.5398037011883279	0.698397125212242	0.17958485356199616	0.7371876510990909	0.5690821062824934	0.3296520569366933	0.7535238561517734	0.058306355568148116	0.7866725734076274	0.48308575691118183	0.8723696745485726	0.6309030111062539	0.43122349387143444	0.5372473609539531	
0.519178751462322	0.17002728216687701	0.7348296321494354	0.6236126522535008	0.9429464296504243	0.6879726127958057	0.1485163055743326	0.7012399849774011	0.9996238591890033	0.8705933300566032	0.8675620287156293	0.12909798712185716	0.2083167139424379	0.21008332597430557	0.6228601382924986	
0.9793910503323949	0.2207101588563548	0.18577915560935188	0.5343535601992653	0.6490871678172279	0.31348604632699595	0.017988850234817888	0.7062599041751415	0.9539027523901884	0.6207463854518959	0.7270197531543624	0.6939370675782366	0.5540499441601788	0.7826046471618833	0.007517322036931895	
0.4370196426261962	0.7668613336081287	0.6648538343033049	0.4806879748205415	0.5169210890089105	0.6259875702555352	0.20641436158267745	0.7588753880724628	0.9348162481762129	0.41842572871058326	0.9047114151753489	0.5266880971627661	0.01570225890299992	0.017294934870990875	0.7605649676357915	
0.19353567675313876	0.48175365883769894	0.013584221588615164	0.25266830196579926	0.721974285085936	0.1435622174204233	0.8145682271971102	0.9738225389787558	0.5625094333227482	0.6843001703558022	0.6076172738080616	0.39604893431266686	0.8106099534113523	0.6860768520896184	0.26440731867580636	
0.35071482998290626	0.536983638677644	0.5356511610501281	0.7979382024363061	0.6753758821493967	0.1294818253561989	0.21231102043757377	0.18859900215012604	0.09537752518424514	0.016114945580821716	0.8927417450123194	0.11441460335944897	0.3124406137969188	0.36397061183860313	0.3832593433843611	
0.5687397958828384	0.8933757292687282	0.721683960812359	0.6793159567694643	0.31326960227894063	0.8714969561477937	0.8930340027522705	0.4693733694372092	0.6832518524601265	0.24379023446541193	0.33902744084066005	0.07422745109158813	0.8998185442657102	0.3140788718258969	0.835943433779404	
0.5019181344367775	0.0854863787074962	0.14139080035324336	0.12090845566684671	0.3415855139495404	0.23778445724817554	0.6988983642174368	0.7979053394864108	0.9566054707795655	0.4369225828246531	0.1394780117437192	0.2439201843484774	0.3605799487997502	0.7297856765996825	0.9670248661387896	
0.5574550711788006	0.7612996508412067	0.4029909329000426	0.742722877736742	0.6378739854994556	0.13737598738774448	0.6766189343476702	0.9617525591640982	0.2420176587407944	0.6765400905570513	0.5545573187819413	0.3606220883608977	0.8349569437893302	0.00986753357028236	0.6635688810130395	
0.9188993861912058	0.5554377227280956	0.13955652593062595	0.6970438319711156	0.9406352426508685	0.5132861635755117	0.2945514397039235	0.22941750875269462	0.49181842052415425	0.48733477320107244	0.9954847585403305	0.33176757512578814	0.6504624427734005	0.2952669363002427	0.5163172796908722	
0.46871067705586766	0.0065374371191802005	0.8443977486136299	0.8563055664902693	0.41731964676344335	0.26200363459161413	0.2431158059828208	0.11560671728685823	0.7583285209443058	0.05697808520388836	0.9315973150173805	0.22711271333969707	0.788443810070225	0.5317528488222033	0.630376656711598	
0.10185256073533955	0.1586882274227127	0.6348533263315078	0.4178369826778139	0.514512418661426	0.9071594133152462	0.8064422941549602	0.8379692693254374	0.19000710713521363	0.1636808579660063	0.6208518706116866	0.785502162602906	0.012397427174909437	0.5870246546832112	0.700033663902523	
