0.05595015535057635	0.4636856767042298	0.5446349369793251	0.11529723223674015	0.1383237301376602	0.38278142679799443	0.5947445973806714	0.6704080631843671	0.7198668901017418	0.3316499357341337	0.5152894381019505	0.9238302374314529	0.13952785986645577	0.6906198385591138	0.5330836803689117	0.9219848433597773	0.6146548007384531	0.38447028293978924	0.32718431071469223	0.7472732079139917	0.1774506807860622	0.20215523175865868	0.3758634772632654	
0.42954036170260046	0.06064599443815133	0.7003987135494087	0.8016469708521919	0.1580589851439832	0.2573546958255212	0.46047418664802786	0.33841910843854595	0.04927638667504741	0.9330957216197108	0.44537163825253834	0.9001255765288738	0.6656480414920123	0.7954065051842141	0.36936530388835576	0.36541831704294037	0.4208641111966017	0.3672685923883049	0.5059567398135203	0.22974179353812152	0.24520176187789788	0.37426680575856097	0.7192661483862574	
0.20180857393658536	0.18704745448940885	0.5877879901863348	0.46891818917723294	0.22733184180498478	0.639177323721803	0.8886187984187807	0.9150003963897855	0.25063003305159504	0.45675462965190183	0.8833955690058345	0.6999119377715435	0.5423889503343123	0.049008842248173035	0.9300266462998599	0.09078368262352388	0.1917818706909874	0.5288338597492479	0.6396673579160403	0.21591382163211015	0.29155598609967026	0.5247212625256877	0.04771427623231905	
0.9494377705369397	0.7895564737392676	0.4309642300112366	0.4194570176821055	0.4144693462171918	0.05565856082116649	0.24198594779299853	0.6025005931909244	0.36560814366711925	0.5819826839366578	0.5117891991781112	0.8761895456630685	0.444823387216154	0.44870831460009175	0.8380961910688792	0.09833953318606514	0.9621258903635158	0.18884221981584015	0.3146516072855652	0.5106186285072367	0.9394167252801622	0.3140898991566917	0.2564959265597354	
0.7187503756294226	0.8158883054549277	0.6336391399831546	0.6130433653656183	0.9484502038493906	0.24969701671664202	0.9727969948566805	0.621120180710733	0.45223956458670667	0.8457147859186299	0.9786956595477245	0.042007322994541685	0.5950356494973473	0.38239613552785423	0.21230967997706196	0.8696339916921527	0.5262999884570905	0.43814264143948556	0.3176310167149	0.7043596080519124	0.17375365144671806	0.2066933114473658	0.8973313146106944	
0.8526895837496147	0.14327217611274534	0.09454659212291872	0.689221870457013	0.7518407751004018	0.8963016606250188	0.10451288247912516	0.4850519486119155	0.5644318669167706	0.32898435332157294	0.08289196116308517	0.21354460795152896	0.7661778606165606	0.8404289560976412	0.49621280124158396	0.21310716794365314	0.7968297257346448	0.1991271575553034	0.552926266441376	0.08695891521728838	0.14986846735531179	0.28572501320814436	0.9992720069766533	
0.8548144391597786	0.8283948487633324	0.07196288123219508	0.155680512661572	0.008670206277780812	0.4082605824709411	0.12192331899344122	0.7247617660382789	0.30901182288715356	0.08811554761368934	0.0977853939243104	0.8792474154768288	0.04298326877565117	0.7448466155296976	0.6232485299282691	0.6189161769746502	0.6405757228618212	0.2936787927829734	0.968129184976853	0.009732092214916443	0.7450955183972411	0.467874637339186	0.5665425358311853	
0.45024149844175154	0.5355092764218675	0.9117432707822613	0.03134564744968771	0.44268598450610364	0.9155178643949277	0.4328876301292277	0.2486543448978341	0.11308220803013624	0.5528926560597701	0.13235614447371846	0.72125381306622	0.5044560538737409	0.6883369939209925	0.836537416831406	0.8469525565113548	0.37340807667706966	0.3990004740118319	0.47527529616512176	0.34260425756635327	0.43225505366943895	0.8362387440073376	0.6797114545392954	
0.9617272206770836	0.650498686511398	0.9065116800875536	0.3652415073636144	0.6106939106770027	0.11267385259536389	0.782185355783716	0.08803027451355916	0.5060400503843562	0.893532373627346	0.06383027020479604	0.5585873545430556	0.48864961542710206	0.9601678218919343	0.34876092052628205	0.05434100953021359	0.21280313184285649	0.15572161930116346	0.2372711279290708	0.1159936897856152	0.1070992043949841	0.9229660071433125	0.9274772063471103	
0.7096314946703189	0.303890773307817	0.4308917753521033	0.22156142559927827	0.3581466069176572	0.9830700942177731	0.5545799917350024	0.7695777762645656	0.35192659817661764	0.1287378290354323	0.37932957981335247	0.7913760221167623	0.19865999806547063	0.5317213432380946	0.9703660215466776	0.9928185289233353	0.8911979429589785	0.10477348549178156	0.40344265281714	0.9676751683244001	0.34143016616449995	0.6581070327340688	0.9832973173198002	
0.25393081356067215	0.08675799061860545	0.8943374195403927	0.350246347904976	0.6866575702072146	0.6523807636095045	0.39259783584377517	0.7185833645936528	0.3451472537117104	0.7529524132305689	0.2085598179091378	0.8872288554914947	0.25495306187806044	0.8597324823103816	0.8691572094926312	0.3957283396489323	0.4957303715293504	0.9894372473626631	0.6629603434390188	0.05765025638157639	0.11806172930976322	0.20518470187269833	0.48107583532638576	
0.4925124022109344	0.26165089434173905	0.526767401487745	0.8761850572690575	0.3387581860297988	0.9247661984749054	0.6434888790009244	0.06015302367364839	0.9542103186633623	0.4342655767801987	0.9584582145451279	0.11751919891730611	0.09428983728892093	0.11361614451753	0.9128698151463597	0.27872657146048385	0.13669168733607984	0.7222327171852801	0.5530937936034876	0.017096120791565417	0.3463776492870042	0.8249229082142504	0.5714147475068498	
0.5116417412323213	0.3531355487527479	0.08506796631568969	0.44280772829327997	0.6683787990322301	0.13126419861584093	0.10958680568296231	0.3776049560419077	0.8667520589446203	0.12332974316010858	0.5579078354472182	0.8831037354769827	0.10554005611069583	0.2947688448211361	0.5678535599229784	0.13406426290161666	0.9669225953447466	0.26395301300425633	0.7898853909813346	0.6302708625672595	0.4874163511214603	0.6547422978663181	0.05292540276210822	
0.05995642830452885	0.12476511236037224	0.02612309715739869	0.16482371703199672	0.8101688808242972	0.10087972041587012	0.7107966345140677	0.2730804372301058	0.05007533853633783	0.010288914138425365	0.09539649068862277	0.695858726646154	0.2485914728979287	0.8557018682756952	0.3832472356547585	0.9957814098433783	0.5990772803197374	0.6169004050566286	0.6264503890969978	0.7683529119304109	0.6633578961774068	0.6810266152577156	0.7129606730965348	
0.006518072073730896	0.11035306428769398	0.19668274566667288	0.4771959209486605	0.5943726971107608	0.42563846298279817	0.17806034521421632	0.9301341971663244	0.8797093085908894	0.7805903947995135	0.6167454142820394	0.0527247345483326	0.5060389249447189	0.8550594840817405	0.3162906019665721	0.6228288348933948	0.738330814387819	0.15362898249375134	0.7634991966353198	0.4167591776315118	0.4309285035789434	0.867805076624857	0.6066433255756276	
0.10548510346472728	0.5443166086755945	0.38532916348040613	0.0663605751489057	0.23441583380496922	0.8949947838522125	0.2123086435326883	0.4082425026197404	0.8427444904315677	0.5192401092423605	0.9064591862740577	0.26678095436387617	0.8268056835241792	0.3948762306430964	0.12456182250716896	0.7160824243463729	0.16985888267147153	0.4401986058408405	0.4071845925407781	0.9381043030573636	0.33350808579376234	0.07936942375230016	0.8679549539904848	
0.731726697227628	0.6543359550689329	0.014269969205544686	0.15588905417650079	0.3984531275412424	0.6870423322072827	0.12675443398063557	0.5789074721464168	0.6015007732487521	0.36769972786879535	0.1704380048646975	0.26171008264396667	0.29898132361643304	0.8278893463722021	0.7019959055231698	0.06982576576174027	0.5458302671963403	0.558463617841934	0.9988816530489883	0.8822826907850645	0.5106593493952253	0.8856983594793845	0.14063450912702058	
0.24140149137717914	0.5972356090795794	0.6030809739205018	0.5469794202454806	0.5291300415632243	0.29808450169997336	0.7098548087762339	0.3896250617090631	0.16432562963310438	0.07621364908428718	0.08155395898704998	0.4778271958245186	0.3474680523228222	0.1621631747536637	0.1318303374161941	0.8597649482140012	0.4982307556925071	0.9464855829333181	0.7341478773096783	0.43484762889434336	0.41919991014600966	0.693184690987935	0.09481145519106493	
0.2657923671557698	0.6054685704795533	0.24262805100676454	0.4451571809604965	0.16426221191398294	0.006114952747087066	0.3982274347632524	0.27190185238641773	0.8579159617916384	0.7934442757224076	0.8783897890447295	0.04682476890371268	0.938849752577304	0.9991988376910362	0.21086677947938604	0.13490848283133228	0.4662480899011049	0.5291799014706543	0.5858287339003463	0.4422016717034015	0.9547390748805753	0.751177933743957	0.7625753642155985	
0.6687970288147926	0.10296694050755006	0.05596836721334231	0.921566869406858	0.5373153346158489	0.21645466588313889	0.04966832915761665	0.5544574432192055	0.49173028188331547	0.1815515224714659	0.20473665706963973	0.4082350141948502	0.5096049941782759	0.8950136435675705	0.5058823461061033	0.4035518850805965	0.7677760709086786	0.9492093601501306	0.6778908610295167	0.0895775292660087	0.761433434838515	0.8507417562213645	0.47003459177069484	
0.35666943891143	0.4350912002717898	0.02613949105807367	0.0734443294411693	0.008923625808854418	0.8086698501626296	0.2941365579419555	0.7494599464248243	0.2141550886352518	0.4318633410010648	0.49008625896168345	0.0041378753654467415	0.8333993557692102	0.3413291079264569	0.5077219460267199	0.05398774181334354	0.1474406650011031	0.23481257213516726	0.5980027515420367	0.9073173005887899	0.8377436579543766	0.942549428196753	0.8500681472897784	
0.13448591861872128	0.3648520642203197	0.09097421293364061	0.2611223139507397	0.41420764264629106	0.559314721737174	0.23928357403607103	0.35285706198959443	0.5554654008985348	0.4834246198679313	0.2854246857769489	0.9446192719787495	0.006997801120426361	0.5029195129023867	0.7583254441539239	0.18552182160856168	0.9133519073330253	0.4328515108286032	0.34418747506596425	0.8794614017955542	0.09076037134173431	0.4338172252203374	0.4008699825801343	
0.04356314144159357	0.02714231481839191	0.5524872498941021	0.8057199918076575	0.6750083042712749	0.7204232734501105	0.9649200838268034	0.478883887868058	0.9002412205233392	0.49012983497841933	0.09537176297444538	0.8332362624848926	0.7791314728914102	0.5801374071460722	0.4299414864265211	0.5314764652200986	0.6378457847065012	0.6643532101645941	0.1671119197566564	0.12665107365326922	0.2746803976166823	0.04695924244182448	0.9105380932923044	
