0.18812562991980097	0.21724823538527593	0.3536758851580065	0.9896452073096503	0.8402420557714781	0.47069750114423226	0.5084985395686891	0.5166076408615874	0.3328894795217632	0.17728126346784578	0.23524178617010072	0.22372775407269785	0.8586911499531216	0.03921597923946196	0.2765717127786673	0.7080466417473681	0.22112032178003704	0.9609624358004031	0.6306382666666367	0.34785320100662653	
0.2455952517387754	0.8127454340745728	0.33076861045315775	0.8844273526577563	0.9553747944880374	0.1526734182645617	0.4911018391309826	0.737036527754062	0.4410725333783584	0.38399718684154305	0.3020916512450794	0.7873475097967019	0.20910058856718317	0.3875611207363714	0.9682917335125815	0.15274216288126097	0.7996669259344775	0.7996556366091072	0.5623056589738977	0.3627232241016469	
0.282606875383695	0.4499972899038347	0.044745058741194055	0.820452709470307	0.9507681114982249	0.11309236339831019	0.41797313177505124	0.2106329758520925	0.6056676077239207	0.8180039218146583	0.4806061108939512	0.1939385494668706	0.28251604926626983	0.23680505094250515	0.5961278047158284	0.7931495559783277	0.8247287313850198	0.37724619892718436	0.3507829204302626	0.9109290719279993	
0.5699792939486285	0.8852463697572726	0.4950339258262507	0.09985889779142598	0.9558920650938527	0.33697646674191184	0.888570912983963	0.3719692079254313	0.44298325359596646	0.21046678142638442	0.6766685129029137	0.8033995116953079	0.8108962435078501	0.07440525939194798	0.4422820002357227	0.40564712302351624	0.6506928683537937	0.45992390198422817	0.10663595938431825	0.34944222815505455	
0.31221832951113615	0.936353088874547	0.43781850614420126	0.4576450719902616	0.19991125920014063	0.0006891113308019614	0.3366852448525488	0.13222208264282898	0.24659701013399382	0.709791533307932	0.2532558264017474	0.2180493170459744	0.7707879818810833	0.3793952312086729	0.49384598668025825	0.38752655719751083	0.32395681088770345	0.3894375452879535	0.9901876511457975	0.692791490157243	
0.4813992860349924	0.786712442218988	0.03249768462366864	0.5894381139121491	0.38284896895132325	0.41665767912424645	0.08114983027331069	0.22399113900832213	0.7619773351580847	0.24273638093846095	0.5832740312371933	0.9896332724043775	0.5234203900961975	0.6180890130127398	0.21452666369396245	0.925808748202533	0.3002707817005883	0.17134836233874096	0.3318331275164512	0.18728750857722853	
0.7440943664568409	0.3556697665158508	0.3165398886336003	0.8591358523718128	0.2627830937446787	0.9744517770392012	0.4602780168150512	0.08304295529528438	0.25712846673471934	0.8281369349264123	0.6409144001752668	0.6744277205770217	0.9318697274444567	0.5601537774231374	0.08291476251195018	0.6076718659730354	0.9696345433446695	0.9968343279253223	0.8829221753779586	0.7024403306989926	
0.37895916171787114	0.7987861398799194	0.6178161798824376	0.1805095702558328	0.7136519770716413	0.3276308058309737	0.7823176153987755	0.7680710756617989	0.913360052586458	0.7701542318625144	0.007127284216504326	0.4032114145302468	0.5203017395014743	0.08487055420374834	0.430065496998818	0.7657903965333293	0.36963496091926484	0.9517917276071534	0.5950836477272299	0.17218111630698119	
0.23415680740238776	0.6626251963147468	0.14754980074039914	0.12414172925097566	0.7719330967240844	0.09226447874737687	0.062354376571646	0.6127239904888575	0.9999431153389906	0.7793509780210679	0.7602741988559107	0.0961070509744183	0.4268106707425813	0.43831313304995634	0.98413119112389	0.26473232224253396	0.4865960177213666	0.9453392722834271	0.5658690194370861	0.5386935225227315	
0.7456702371686336	0.49480849167316443	0.05139216697825655	0.6781468836884247	0.7447697661964762	0.4881602796472363	0.45156987082678124	0.7809482121587421	0.4644961455272645	0.9545756246524798	0.5104768240526997	0.7700127705848612	0.1741031102324374	0.8050567901484617	0.45021935576712635	0.31925872273307154	0.5748522239745459	0.8423508009607737	0.36450049672465534	0.9810166860752163	
0.8033217995545566	0.6175615695898307	0.32894092116208107	0.3003214845554051	0.860764412948304	0.02161832712561884	0.6595188740155125	0.18995778981350864	0.31822681690920274	0.8702492579372191	0.5780024032367485	0.4668812931108086	0.8561491761577119	0.3610717760022367	0.5616428022782559	0.4834979530839649	0.21122314778480977	0.9616049553320073	0.2459778145746676	0.6734304950653195	
0.021277298117674315	0.3849761207308794	0.7082361188284152	0.8239177768546648	0.939837303127508	0.304848471261537	0.26934209566429457	0.6182472448029239	0.6537135456918809	0.5455758599193604	0.6794301153746742	0.2983273377556962	0.5605316317842148	0.14997541814245907	0.7119376791084931	0.9637019306114066	0.6615153056098286	0.34359722778565127	0.7616817690639441	0.3382352398928745	
0.3485500795428915	0.5723236524678358	0.12027185548910735	0.19031330950801306	0.05448438639203501	0.3750350399648634	0.7737018933784148	0.9244493862901234	0.7852942729997068	0.13323992313189315	0.2752946851969986	0.8002975936708316	0.9330911305172123	0.1357155173394191	0.9422102529596312	0.4540280460165085	0.8611210957331145	0.5320382916181419	0.47373977146742907	0.8491624954584087	
0.38681937629438057	0.8095488248205119	0.8939318660199436	0.2272604434933011	0.3597370535854306	0.13967733093342038	0.6598593310306929	0.22027979370346884	0.3803305627710645	0.7549062461289008	0.9198079841430269	0.4160588994498625	0.8873604477560931	0.39894043977650184	0.7624954085344938	0.010591378658317385	0.05325428000404819	0.3146652731590377	0.8966772997907886	0.7964376090637192	
0.2481781020287891	0.15392399466150952	0.009352666056280712	0.49304154042722736	0.17605007116600546	0.29187373822810503	0.26604618061597085	0.7145313248077833	0.7081465222245956	0.8636072967938118	0.9169148979909325	0.1315970863848276	0.9604731184644127	0.3123342463927756	0.31655592745151373	0.2118483585416182	0.7956420226365828	0.1287008275812893	0.9864324943058749	0.13907352986205468	
0.12324714952079197	0.18276677302488809	0.012078611220619706	0.9828701285451362	0.9136951300013928	0.6188714174800916	0.33685627950574804	0.3137791859794502	0.09926669981662617	0.20635072874767912	0.2739241609972418	0.361077442380922	0.20380161559641163	0.9656662951468953	0.3648595615138793	0.5957413073999932	0.6849376159543129	0.4691681648309961	0.25492217677028683	0.9844258406429063	
0.4542431007743637	0.2341178018863742	0.47382471495318956	0.8994541869780336	0.9558094033146154	0.42987698554927223	0.2511895755081195	0.09433071452078245	0.9768545648065321	0.12230002694692088	0.1962794663208851	0.1626771669487338	0.777719477295066	0.8891778265522472	0.944991900586146	0.07869129942340403	0.8011009051996228	0.3088575080361562	0.8808906599373916	0.4292562247881242	
0.33243513038928985	0.23253272667313885	0.5556504377113133	0.4350678889430837	0.15009125299851134	0.18920701000606266	0.47897285223013386	0.41650876923421853	0.05625507864727952	0.24867134385685996	0.12704985823548087	0.46853097521112674	0.3909425679768649	0.48633066210688947	0.9655885815497728	0.7481494741234308	0.618434884916793	0.10899915922060821	0.23335756250208128	0.9685059630541111	
0.3233662272798431	0.4890415518566127	0.7672575802581458	0.5236561581564296	0.20397929069976517	0.5777685706722335	0.7757725683475218	0.6096880205816286	0.8677042878640098	0.0873465922416159	0.9348901737013936	0.11589621865490485	0.8621086312804235	0.8518057425490247	0.5096402341365222	0.7721056216583998	0.9990177260213859	0.21690259457273064	0.9440471218366913	0.6426565697760602	
0.3911972063497664	0.6389191235428392	0.6649029916211774	0.5331704483734421	0.7911442319512729	0.5592038603163668	0.5150553505267473	0.8988252889761787	0.6315806376207243	0.041257168918243714	0.9714465787865258	0.3494144054845044	0.23959858252743704	0.7210842308012042	0.13598644743480626	0.4399761078117671	0.36476264070197373	0.9205781308391897	0.7688026867643193	0.10577032657786645	
